a(1) = (5.000000)
a(2) = (37.000000)
a(3) = (32.000000)
a(4) = (21.000000)
a(5) = (55.000000)
a(6) = (39.000000)
a(7) = (23.000000)
a(8) = (57.000000)
a(9) = (56.000000)
a(10) = (10.000000)
a(11) = (52.000000)
a(12) = (33.000000)
a(13) = (51.000000)
a(14) = (42.000000)
a(15) = (1.000000)
a(16) = (44.000000)
a(17) = (47.000000)
a(18) = (12.000000)
a(19) = (2.000000)
a(20) = (43.000000)
a(21) = (49.000000)
a(22) = (11.000000)
a(23) = (83.000000)
a(24) = (54.000000)
a(25) = (45.000000)
a(26) = (48.000000)
a(27) = (59.000000)
a(28) = (17.000000)
a(29) = (36.000000)
